8635
26627
34058
66448
79383
130358
143556
150194
150832
151925
152129
153783
171061
173646
180703
186697
197993
205529
206061
210745
215284
216531
243363
247224
261832
272707
272808
273278
280500
292479
308304
312990
313526
321871
351686
366640
377756
383830
400222
400326
401180
409349
419068
435459
437318
438176
442943
468567
470862
480002
484545
488261
505194
520323
523756
523825
529052
556170
570374
576113
588152
595129
605264
607778
613017
620883
621362
624842
625175
632438
634797
646166
655408
665812
689847
710027
718929
720428
731314
735340
739117
753862
755341
756679
764277
769606
781943
782772
803103
808729
837717
840501
860719
887330
892428
899581
904330
922557
926433
930800
931795
934988
937069
938944
976177
987955
990601
993082
1002286
1017951
1027983
1032460
1034222
1049973
1053364
1053526
1055216
1071123
1075471
1089848
1091712
1105081
1108823
1110659
1136704
1148735
1175373
1175771
1187428
1197920
1210710
1232469
1240035
1243411
1243463
1244541
1249072
1257561
1266338
1270752
1279955
1304396
1310586
1313505
1324977
1328923
1334753
1341536
1369538
1370551
1398312
1399827
1425372
1429695
1431020
1435323
1437873
1440159
1508718
1518816
1521925
1529078
1544898
1584466
1596179
1601084
1612967
1621011
1622902
1628879
1630780
1635047
1645907
1656958
1664865
1677480
1693383
1704635
1713698
1715013
1719440
1733187
1797397
1799497
1804893
1809255
1810843
1824797
1827296
1837658
1853409
1856034
1857218
1875565
1932672
1935803
1940862
1946385
1953253
1968912
1972255
1981503
1992636
1994473
2000217
2004138
2008245
2024304
2033520
2045502
2054021
2057286
2063368
2066953
2075566
2080309
2082557
2105769
2124285
2124573
2148426
2149114
2156243
2163585
2181240
2185838
2206642
2208955
2218772
2221855
2224717
2232245
2232299
2239554
2276784
2281019
2287545
2289153
2292503
2302116
2347123
2350629
2371085
2371578
2378710
2382947
2404630
2423452
2449211
2482515
2484657
2502182
2506805
2524901
2546286
2561324
2568276
2576983
2582784
2599139
2609563
2612466
2659638
2671060
2680426
2692721
2739266
2748265
2758537
2760391
2763378
2764611
2768959
2772835
2784685
2786324
2788929
2814148
2835109
2838741
2839718
2851950
2859336
2890577
2891732
2892368
2902214
2906454
2910038
2920307
2932162
2935746
2942917
2943550
2959731
2964870
2977783
2983421
2990771
2996259
3008449
3012707
3034241
3036548
3056295
3072454
3086086
3100397
3100556
3103391
3112522
3113341
3113672
3118135
3137182
3148314
3155413
3159405
3184768
3211318
3211380
3213825
3216200
3221393
3228628
3231181
3231781
3258615
3268943
3272547
3279028
3281566
3282282
3297111
3298472
3324480
3333496
3336335
3345145
3363396
3364667
3375514
3379204
3384099
3384482
3395056
3398609
3418486
3426184
3433596
3435404
3447408
3454294
3455632
3460401
3480494
3482566
3492042
3493816
3495708
3497238
3501045
3510349
3533565
3543515
3564584
3595838
3607183
3610527
3614497
3620367
3632014
3685811
3694376
3695286
3699431
3705967
3706763
3719038
3726428
3730677
3737676
3754010
3800640
3804689
3810753
3862258
3864094
3882815
3882986
3913244
3937816
3947347
3963227
3965626
3990416
3995189
4005851
4006306
4017658
4019627
4032428
4053514
4071852
4116981
4129450
4143026
4168358
4191624
4200472
4200993
4208672
4210227
4233559
4235813
4235917
4240467
4250376
4278316
4300114
4309563
4316548
4343386
4356870
4359081
4362557
4362977
4365781
4384726
4394284
4396148
4400203
4419513
4428682
4434245
4448678
4469001
4470437
4481254
4484649
4485622
4496176
4509659
4543227
4547275
4547652
4553260
4558183
4573254
4588857
4591365
4614599
4616618
4616985
4681634
4687679
4712443
4737872
4738132
4747798
4754448
4763791
4773145
4798533
4799335
4802085
4802408
4803270
4832147
4840240
4845419
4867076
4878919
4882292
4883346
4887349
4891571
4903090
4921062
4923979
4930267
4949573
4968978
4975065
4975757
5015739
5039601
5047607
5049397
5054241
5074219
5106051
5107603
5134640
5150415
5154044
5163809
5169421
5191380
5207234
5218077
5234065
5235416
5249739
5251566
5256797
5264049
5271998
5280193
5285556
5295685
5305643
5317238
5318996
5337080
5341950
5349449
5358080
5359587
5369584
5383397
5410227
5439056
5441223
5443379
5448450
5452311
5453001
5456520
5474048
5477614
5504245
5522176
5523708
5536423
5550123
5551909
5567312
5572065
5575567
5575827
5604442
5610360
5611603
5620418
5621372
5634176
5638450
5685576
5692860
5720909
5725569
5730081
5733796
5735515
5739016
5743189
5745612
5755388
5759054
5766884
5772863
5776393
5780472
5801813
5803121
5804599
5811290
5815663
5815871
5824344
5828922
5843988
5881391
5888981
5913698
5918917
5926214
5928114
5940570
5943478
5969753
5978077
5980534
6001288
6022933
6051753
6055831
6056879
6061141
6061537
6061620
6071629
6073272
6073342
6089348
6091446
6091713
6094088
6105007
6107029
6107104
6109128
6119767
6120009
6129696
6133459
6136007
6143117
6149092
6156193
6158020
6159801
6180772
6197166
6202503
6244423
6249581
6251106
6261632
6263963
6264726
6265906
6291838
6300520
6308054
6320090
6332251
6333602
6377833
6381618
6393156
6394627
6397557
6418957
6433163
6477634
6484316
6494431
6531657
6539094
6560847
6577885
6596988
6627868
6627893
6635934
6655839
6671014
6673623
6680212
6684766
6686327
6690220
6701851
6710909
6724317
6727648
6750146
6772638
6774464
6806946
6815880
6822819
6836693
6839766
6856339
6904461
6916118
6927667
6930674
6934943
6948950
6961670
6974551
6978971
6991021
7003331
7018772
7050961
7052677
7070842
7102289
7105836
7111895
7116214
7133864
7185215
7198872
7199610
7202032
7204159
7209245
7230186
7235465
7260413
7265994
7286776
7288792
7296153
7303226
7304898
7312465
7312984
7313387
7329332
7332453
7350324
7372469
7380599
7380601
7392688
7399361
7401670
7421253
7427954
7428059
7442053
7453887
7454069
7464238
7504788
7505575
7522667
7531055
7532651
7540193
7554572
7560383
7569826
7582618
7592732
7594500
7601691
7606100
7607239
7624514
7647591
7670065
7687579
7717391
7718749
7723353
7735952
7749656
7753447
7754363
7756565
7770558
7803736
7805371
7809080
7821785
7826554
7835098
7845354
7876076
7885398
7892188
7897304
7898911
7910212
7911034
7915177
7941952
7942967
7944755
7946500
7972876
7976438
7993069
7993710
7994824
8026071
8048693
8058947
8073065
8088276
8090502
8108057
8128194
8133055
8142112
8202487
8204097
8216915
8233037
8248758
8254171
8254217
8260662
8276803
8295684
8298588
8304263
8309840
8325723
8325865
8332561
8339217
8339517
8343875
8352657
8354901
8355676
8365130
8369768
8373415
8385732
8388332
8390193
8406957
8409122
8411466
8421477
8426875
8432512
8455926
8466557
8469204
8469242
8475866
8483491
8495569
8497656
8503483
8516798
8527997
8539194
8577827
8588618
8597927
8603896
8628326
8630453
8630884
8633241
8638650
8641979
8650583
8658472
8670916
8681002
8707462
8716740
8717715
8721719
8722645
8726071
8728428
8733141
8770786
8772164
8775465
8778212
8791147
8791911
8798102
8813260
8815364
8827906
8828446
8828624
8831847
8836672
8846274
8850982
8887476
8906194
8936168
8937559
8941789
8942756
8956455
8961211
8963033
8966310
8970754
8974462
8979068
9000776
9002895
9009468
9012206
9020026
9031528
9034621
9038344
9042433
9066287
9066658
9083825
9085538
9086693
9094081
9099476
9112835
9129095
9131535
9150052
9151089
9179668
9180186
9185427
9193157
9200785
9205658
9206226
9210957
9219315
9229559
9242643
9261003
9276970
9276998
9281923
9294709
9306038
9313562
9325675
9331771
9347102
9348337
9355074
9376150
9378114
9380325
9396835
9400299
9407719
9407857
9411480
9417593
9421674
9433848
9458838
9466502
9469769
9469980
9474957
9479073
9479395
9482939
9487824
9512975
9515323
9525629
9551448
9556846
9558546
9569457
9572303
9575306
9603118
9603551
9620726
9627060
9636576
9654148
9656345
9684034
9696685
9700912
9716439
9722285
9730598
9734096
9736416
9758902
9803799
9822986
9828414
9867635
9882365
9915101
9920151
9923337
9924294
9928629
9953950
9956784
9967250
9973142
9982952
9984881
9998716
10011158
10018211
10025796
10036698
10042004
10053325
10085634
10137232
10145109
10156914
10181740
10185738
10192274
10193885
10200590
10208209
10214085
10216718
10220266
10237146
10264407
10264899
10271179
10304208
10316654
10369427
10398415
10423449
10425160
10439681
10440329
10450326
10456987
10469937
10477291
10486898
10489353
10492316
10494526
10507011
10511779
10514545
10526426
10531340
10533538
10536769
10541451
10543567
10556791
10564346
10569300
10576607
10577601
10605250
10606060
10614396
10656146
10657732
10672491
10675152
10712493
10747441
10748126
10757247
10769001
10779663
10789899
10808177
10816846
10821399
10822241
10825014
10825343
10827221
10850740
10856416
10856507
10857963
10872145
10875145
10882049
10895635
10899872
10907065
10921408
10933080
10935582
10935981
10939072
10943253
10946117
10967878
10987232
11004165
11005850
11016155
11016234
11020284
11028082
11036400
11043115
11043348
11075306
11084912
11085062
11088658
11101442
11101712
11114639
11118563
11137118
11142861
11159071
11161470
11195433
11226157
11235916
11237696
11240892
11257197
11264653
11275470
11277821
11292401
11302166
11305820
11311070
11327976
11334306
11342487
11365707
11368034
11382143
11392647
11413426
11418322
11427239
11430170
11439999
11444701
11461824
11472455
11478141
11483361
11484833
11525668
11534466
11536233
11542041
11551104
11558280
11585244
11585313
11587330
11593560
11602375
11602489
11607352
11609063
11609110
11618969
11620241
11628586
11653671
11654780
11664595
11692106
11713251
11717107
11724388
11726113
11743681
11745981
11748972
11755350
11771947
11775447
11782486
11806062
11808285
11826314
11833905
11842919
11883056
11888223
11909092
11917978
11934748
11983486
11999838
12009212
12032431
12058676
12066759
12077363
12095932
12112750
12121968
12122192
12123774
12129998
12142213
12186910
12194961
12196452
12208799
12215298
12220170
12224504
12228600
12232349
12235493
12254076
12262227
12269237
12270761
12274034
12283355
12311707
12312626
12353662
12402311
12403594
12418418
12419058
12434346
12451211
12471581
12475204
12477746
12487553
12490876
12493162
12495918
12509217
12509822
12520903
12538520
12553455
12563465
12565506
12579587
12592844
12638525
12644791
12649492
12651373
12652068
12666077
12668786
12672345
12675151
12688982
12694950
12701670
12708579
12714665
12744057
12749578
12759631
12762744
12764261
12768060
12770931
12772902
12792878
12803953
12815042
12823740
12836123
12840275
12847733
12867830
12898414
12912857
12928826
12938839
12939626
12946322
12950643
12961316
12972975
12978281
12989181
13001049
13021153
13027874
13084609
13085870
13088695
13095128
13096074
13100416
13105980
13112357
13121911
13129182
13133406
13136436
13137805
13152397
13153759
13155762
13159796
13182674
13182889
13188689
13190040
13200843
13202441
13216445
13221523
13231794
13232342
13240329
13241968
13252557
13257068
13261937
13262100
13267805
13275150
13279899
13302520
13303873
13304445
13329495
13331798
13334627
13345971
13355257
13360775
13365484
13369517
13394740
13422031
13425002
13434556
13447568
13450391
13450720
13452948
13455687
13457645
13459742
13468919
13471373
13485992
13488650
13500488
13504485
13508475
13509057
13523211
13548444
13549614
13552961
13554333
13560205
13585374
13588163
13602328
13624234
13626323
13629230
13657401
13662329
13663003
13676443
13688128
13698889
13704900
13716620
13722302
13750180
13777081
13799032
13806677
13826260
13826269
13830300
13833630
13859354
13859625
13875058
13882962
13894054
13897654
13927618
13939328
13961557
13984005
13989301
13991014
13992153
14003396
14011682
14012550
14037582
14068776
14076452
14079863
14103280
14107475
14109627
14115444
14135226
14141233
14150504
14157529
14159602
14177638
14184652
14192306
14223111
14237538
14238516
14263951
14271003
14285134
14286732
14289511
14338116
14341429
14373331
14375873
14378320
14380826
14381754
14390048
14398231
14410750
14427950
14429972
14453563
14470835
14478026
14483192
14489481
14505399
14507308
14515893
14527033
14528604
14539315
14542783
14544632
14557012
14558366
14570665
14588835
14594828
14603239
14603662
14609151
14652197
14655286
14655294
14657213
14658839
14662636
14671629
14672683
14678176
14680265
14706695
14713795
14785567
14791346
14795141
14809255
14831109
14834398
14840375
14854246
14858600
14883402
14892559
14903532
14908511
14939036
14960084
14979678
14983885
15004526
15010065
15027684
15037371
15046481
15079001
15092304
15095006
15097244
15101465
15112194
15126425
15128048
15146251
15151523
15153716
15164254
15174402
15205620
15215292
15226867
15226881
15238081
15255377
15256264
15265222
15274905
15276270
15284023
15290329
15292167
15309232
15315297
15330554
15343617
15361607
15382640
15384014
15386523
15392592
15394316
15421294
15421551
15421758
15432675
15444484
15449585
15450132
15452471
15452785
15460050
15471585
15488448
15506230
15511656
15525414
15533624
15544104
15555363
15573660
15574526
15576178
15593973
15595185
15604985
15605545
15607218
15610100
15624369
15629774
15638180
15645829
15659166
15659884
15668641
15678092
15690093
15707334
15710677
15716329
15716489
15718942
15746539
15754610
15756710
15759077
15778789
15781079
15802588
15841889
15845871
15853546
15854545
15875898
15901321
15909461
15922202
15925711
15928965
15931336
15944957
15957684
15991829
16005730
16007810
16010734
16021675
16025103
16027499
16034991
16036854
16036942
16059683
16060495
16062587
16109745
16133532
16165355
16184373
16193212
16204180
16208668
16213320
16241163
16245392
16249143
16267021
16271389
16281709
16296337
16299014
16322155
16325874
16327643
16328987
16333361
16335037
16340682
16352606
16354851
16358724
16362932
16371935
16372145
16391337
16412796
16416366
16424182
16429921
16433507
16435240
16438518
16451568
16489848
16490256
16495097
16530022
16532334
16537735
16554464
16555978
16567797
16579309
16585649
16592398
16596203
16602547
16606734
16616362
16629065
16694019
16694946
16731597
16740371
16745799
16750644
16761274
16764156
16790617
16793901
16811329
16812279
16814720
16817034
16826627
16830347
16835209
16842283
16885515
16895088
16911442
16979086
16992726
16999244
